0  1445490
1  2736280
2  2540814
3  2213728
4  1831976
5  0176921
6  0226312
7  2044920
8  0791642
9  0068338
10  3363696
11  0666739
12  0302356
13  1970642
14  0776090
15  0493161
16  1750737
17  0923529
18  1515741
19  1835900
20  0358669
21  0182666
22  2997484
23  2310307
24  2980745
25  0000800
26  1102140
27  1592225
28  0610669
29  0835016
30  1439230
31  0385722
32  0286975
33  1365912
34  3041468
35  1966407
36  0524839
37  0596789
38  2371196
39  1069803
40  1013239
41  1388699
42  0334159
43  1406730
44  0434444
45  0251678
46  0702572
47  0706716
48  0437727
49  3665937
50  0419889
51  0005286
52  1923487
53  3978373
54  0005392
55  5197836
56  0000696
57  3361017
58  0006663
59  3470592
60  1324246
61  1679669
62  0040653
63  1717852
64  0832531
65  3773346
66  2725201
67  0004853
68  1218621
69  1824654
70  0468772
71  2816104
72  0006439
73  1235366
74  1041074
75  0005318
76  1756186
77  0276934
78  0222922
79  2366374
80  0276253
81  0358316
82  2803689
83  0840430
84  3511864
85  1440863
86  0181687
87  0406012
88  5847762
89  0641518
90  1846206
91  0004880
92  1519680
93  0932078
94  2491337
95  2454294
96  2782855
97  1415692
98  1717682
99  1045049
100  0406157
101  1187340
102  1359370
103  0006712
104  1015355
105  2394430
106  1568234
107  3659465
108  2821660
109  2426012
110  1121943
111  2278431
112  0707899
113  1209950
114  0197354
115  0973729
116  2390252
117  1128390
118  1177440
119  0565582
120  0147022
121  0001103
122  0146536
123  1111968
124  2080328
125  0847727
126  2676609
127  5072416
128  1827571
129  0002004
130  0000874
131  0512963
132  2171105
133  1012020
134  0565980
135  0001393
136  0005231
137  0385976
138  0000334
139  1078414
140  2596357
141  1464837
142  0005339
143  2724927
144  1967893
145  2780568
146  0521974
147  3031251
148  3122006
149  0733185
150  0958386
151  2766144
152  5360404
153  0748483
154  0000531
155  0080049
156  0333410
157  0002102
158  1182955
159  0056041
160  0817027
161  0346411
162  1648680
163  0504762
164  0453091
165  1235280
166  1218360
167  1527475
168  0244011
169  0454730
170  1705502
171  0527592
172  2078761
173  0448311
174  1305192
175  0002243
176  0004838
177  0159097
178  0842884
179  0516952
180  1064823
181  0000185
182  1510184
183  0300589
184  1429242
185  1083389
186  1212490
187  0724460
188  3024995
189  0886083
190  0005128
191  0661755
192  0808902
193  0001582
194  2820035
195  1552919
196  2434696
197  0000583
198  0005474
199  1023092
200  3078850
201  1126641
202  1489037
203  0191688
204  2210588
205  0209246
206  0291881
207  1408015
208  1268047
209  0206176
210  1203673
211  0005484
212  0126004
213  0607703
214  2733188
215  0150707
216  0918858
217  1772963
218  0001653
219  0001295
220  0002801
221  1142587
222  0265668
223  0001038
224  0004376
225  0107197
226  1494168
227  3432505
228  0796864
229  3668917
230  2324278
231  1952725
232  0584951
233  0608601
234  2126645
235  0154763
236  0085312
237  5230942
238  1291968
239  1384332
240  0224703
241  0001233
242  3860376
243  0142746
244  1460480
245  0254712
246  2452098
247  6266630
248  0884852
249  0942550
250  0796235
251  0785842
252  1565817
253  0000815
254  1598366
255  0103797
256  1920143
257  0000500
258  1823008
259  1159702
260  3128061
261  2761710
262  1011388
263  0842332
264  3775885
265  3480347
266  0372961
267  1066970
268  0601041
269  0491321
270  0005077
271  0768614
272  0863462
273  1392388
274  2987649
275  1564771
276  0374757
277  0587431
278  3964350
279  4415201
280  0909387
281  1146857
282  2443745
283  0327020
284  2710034
285  0712368
286  0004939
287  3392344
288  0004979
289  2619114
290  0147147
291  1304328
292  0001711
293  1446934
294  0692663
295  0068187
296  2093546
297  1740127
298  0001064
299  2942806
300  0000667
301  0002262
302  0004734
303  2395801
304  1651094
305  1836720
306  0935664
307  0879085
308  0492932
309  3087405
310  2584288
311  0528203
312  1254478
313  1535423
314  5613764
315  0000595
316  0364977
317  1336765
318  0313534
319  0993458
320  2076652
321  2440067
322  1329780
323  0672205
324  0348409
325  2077159
326  4049315
327  0001418
328  1393246
329  0294553
330  0803136
331  0630379
332  1386659
333  0005441
334  3181675
335  1173784
336  2451535
337  2096077
338  0219292
339  0441225
340  0922024
341  5083794
342  0636946
343  0224007
344  1071898
345  2932097
346  2632376
347  1074355
348  0667073
349  0337965
350  0117368
351  0509937
352  1933992
353  2697884
354  0748620
355  3227662
356  0843100
357  0005367
358  5077481
359  0455663
360  2930503
361  0005094
362  0345477
363  5178348
364  0197926
365  1099760
366  0666398
367  0004741
368  0042212
369  0832569
370  2403277
371  0605080
372  1133284
373  1801116
374  2554701
375  0195921
376  0000630
377  0656739
378  2439805
379  2374829
380  2840119
381  4100053
382  3002919
383  0699826
384  0439344
385  1487670
386  0638824
387  2657185
388  2921651
389  2098473
390  0006888
391  0749303
392  0210218
393  0000689
394  0010736
395  0177639
396  1002662
397  3394509
398  1708781
399  0936482
400  2068559
401  2340245
402  0600877
403  0361283
404  1715194
405  2222175
406  1105254
407  0068117
408  0004937
409  2210947
410  2633215
411  2768652
412  1616668
413  2107055
414  0940851
415  1747034
416  0891786
417  3216157
418  0268841
419  0890808
420  1519666
421  0401628
422  4572322
423  0494107
424  1265635
425  0394248
426  0633389
427  0196325
428  2195169
429  1285227
430  3597808
431  0001562
432  1008709
433  1974694
434  0618230
435  3550714
436  0990767
437  2321387
438  1747013
439  2298374
440  0108224
441  0363351
442  2113991
443  0518718
444  0347797
445  0178840
446  1987272
447  2409723
448  0794896
449  0283311
450  1565066
451  0505971
452  2005998
453  0436663
454  0863599
455  0005016
456  2789553
457  2491463
458  0907548
459  5142374
460  1000737
461  0327466
462  0222643
463  1506644
464  1894100
465  0004623
466  4586904
467  2680758
468  2273669
469  2358540
470  1568512
471  0902807
472  1661954
473  0112094
474  1840748
475  0630088
476  1566033
477  0443577
478  0652514
479  0316531
480  2576700
481  2464456
482  0912938
483  1997061
484  1463426
485  2338912
486  0540441
487  0003779
488  1204760
489  0180984
490  0364591
491  2974788
492  0130860
493  1863652
494  1119726
495  1284632
496  0946734
497  1497330
498  2540339
499  0148418
500  0005396
501  0278304
502  1442928
503  0696387
504  0659601
505  2621983
506  0000307
507  0421332
508  1317851
509  0937748
510  0899681
511  2966255
512  2016723
513  0005416
514  1963155
515  0063800
516  0229301
517  0006958
518  0637518
519  2093097
520  0001684
521  2485108
522  2525176
523  1273708
524  0000198
525  0004793
526  0799778
527  1640384
528  0876101
529  3089930
530  2923560
531  3018358
532  3092388
533  0245112
534  1117791
535  2625538
536  0000759
537  3545841
538  1662644
539  1335961
540  2190649
541  0027271
542  6573530
543  0317727
544  0355379
545  3305207
546  1138105
547  0445903
548  0881131
549  0869088
550  2159829
551  0001598
552  1232470
553  0004809
554  2620636
555  2591890
556  0001642
557  1404239
558  2683090
559  0078925
560  1186061
561  1075644
562  1975228
563  2360649
564  2753740
565  0853375
566  1579987
567  4156656
568  0073678
569  0003777
570  0742389
571  3254521
572  0925234
573  0626452
574  0484880
575  1406387
576  1890824
577  0205789
578  6219361
579  0595485
580  4972453
581  0011038
582  0024173
583  0000749
584  1108838
585  1368695
586  0184392
587  0651451
588  1214435
589  2718826
590  0381524
591  3687902
592  5694385
593  3101039
594  0133566
595  3981330
596  0701747
597  0726167
598  0124920
599  3649055
600  0709620
601  0004981
602  0673563
603  0001231
604  0271988
605  0446819
606  3016166
607  0189476
608  0070594
609  0660371
610  0185404
611  0001556
612  3100332
613  3066543
614  1956106
615  1775214
616  1408216
617  0098268
618  1914898
619  3467148
620  0719321
621  0005553
622  1269983
623  0363736
624  3821465
625  1253211
626  0624702
627  0838002
628  0820562
629  0466349
630  3842480
631  3190384
632  3135437
633  0898199
634  2507040
635  0004899
636  1238555
637  0005464
638  1597542
639  2342614
640  1468756
641  0716257
642  2066902
643  0875768
644  0552222
645  0715314
646  1869788
647  2604932
648  2612741
649  1237088
650  0003941
651  2091163
652  0373811
653  0608090
654  1813088
655  0205772
656  0005095
657  2554082
658  1084708
659  1014366
660  1538095
661  0868893
662  0350454
663  5743918
664  0895150
665  1679452
666  0903684
667  0792156
668  2311683
669  0490855
670  0420738
671  0597450
672  2100286
673  1197093
674  1782299
675  0001594
676  0799001
677  2342402
678  1157205
679  0004782
680  0553556
681  1869029
682  2467538
683  2731219
684  0339011
685  0397171
686  2315600
687  0245596
688  0065493
689  0861093
690  1032034
691  0121559
692  3299616
693  0485023
694  0327779
695  1460227
696  0647009
697  1631269
698  3652766
699  1539484
700  2340362
701  0000302
702  4915385
703  0389965
704  0908351
705  0786149
706  0520461
707  0000521
708  1988111
709  1451059
710  2480827
711  0462094
712  2584600
713  0244048
714  0271915
715  2029684
716  0001492
717  2788600
718  0376260
719  1399998
720  0735467
721  0083348
722  0004719
723  3333557
724  3544366
725  1862253
726  1285113
727  1890629
728  1367997
729  2475341
730  1303492
731  0001738
732  0504642
733  2795757
734  2797283
735  0372176
736  1296984
737  0082909
738  2235400
739  1621659
740  1291934
741  0935921
742  0000574
743  0000117
744  0037973
745  0235888
746  2734807
747  0020751
748  0124666
749  2253518
750  0947044
751  0000431
752  0532193
753  0805429
754  4554203
755  0788009
756  0005166
757  2179180
758  1885160
759  0005540
760  0200981
761  1939221
762  0491768
763  0824785
764  1325248
765  5444355
766  1997596
767  0834947
768  1664127
769  5153714
770  2315497
771  0518715
772  2189680
773  1119283
774  0001305
775  5861947
776  0001307
777  2325861
778  1728680
779  2932967
780  1616991
781  0941966
782  0252230
783  2138994
784  2271520
785  0359375
786  0001368
787  0507381
788  1731421
789  3068922
790  0663177
791  0387987
792  0933156
793  3920288
794  0489476
795  0731346
796  2187603
797  2125540
798  0371196
799  0662042
800  0668534
801  1046845
802  0962261
803  1009390
804  0808022
805  2155525
806  4976467
807  0039784
808  0000295
809  0755267
810  3355687
811  0005311
812  0004984
813  0501399
814  0650525
815  2143966
816  0000174
817  2618871
818  0954036
819  0004081
820  0441085
821  0788218
822  0026460
823  3361199
824  0936198
825  0460912
826  0960912
827  2548759
828  2357516
829  2171153
830  0355910
831  0112871
832  0752740
833  2996574
834  0649101
835  2115111
836  0953778
837  2182241
838  6074154
839  2555665
840  3299784
841  0448317
842  5621307
843  0084547
844  3119454
845  2864505
846  2270441
847  1483948
848  0085494
849  2507757
850  1015262
851  2094023
852  0808917
853  0835045
854  2470538
855  0336620
856  3974065
857  1175188
858  5549723
859  0105226
860  1984458
861  1868369
862  1890981
863  0531788
864  0935395
865  1221047
866  0454955
867  0001698
868  0001938
869  0004712
870  0858643
871  0046730
872  0004456
873  1443609
874  1450877
875  2017943
876  2044463
877  1382799
878  3211360
879  0060029
880  1143016
881  0005403
882  1981893
883  0288976
884  0107183
885  0755074
886  0204924
887  0313232
888  0646351
889  0026285
890  2048753
891  0219208
892  3150133
893  1982597
894  0002067
895  3543122
896  1813534
897  1961693
898  1840659
899  0333982
900  2774571
901  0991810
902  0704270
903  0761587
904  2302117
905  0936298
906  1335291
907  0991620
908  1237541
909  0440229
910  1247855
911  2163736
912  0061777
913  2862041
914  2067953
915  0831921
916  2415415
917  0931046
918  3178852
919  0005126
920  0748973
921  1982266
922  0000607
923  4265429
924  1986095
925  0557567
926  1559935
927  2395704
928  1232489
929  2340533
930  0005082
931  3231002
932  1589004
933  0931332
934  2257466
935  1616349
936  0933281
937  3325268
938  0680838
939  0002124
940  0005072
941  5725535
942  0132709
943  1417948
944  0493096
945  1851126
946  0217481
947  1270095
948  0139936
949  3387844
950  0674101
951  2084473
952  3180237
953  6293841
954  1216008
955  3489824
956  1986960
957  2935123
958  0410893
959  0117022
960  2124052
961  2566554
962  0035664
963  0688143
964  1294698
965  1205178
966  0320448
967  1724323
968  1659221
969  3303116
970  0155093
971  2394794
972  2111515
973  1794823
974  0065890
975  3554468
976  1457069
977  0350638
978  1086543
979  0341421
980  1207676
981  0425756
982  0908830
983  0066664
984  1380166
985  1496325
986  1053961
987  0001099
988  1999505
989  0855039
990  0007045
991  0001272
992  1120734
993  0058983
994  0003697
995  0662475
996  0000708
997  0750468
998  0589077
999  0261805
1000  0835725
