0  1044403
1  2642953
2  1699451
3  4341913
4  3135911
5  0630524
6  1277177
7  1444462
8  3550714
9  0629634
10  0103971
11  2373966
12  1441925
13  1361364
14  0535014
15  2618724
16  0004871
17  0382632
18  1018521
19  0536630
20  0489436
21  0662504
22  3047888
23  0454955
24  1252435
25  1274907
26  1648391
27  0250659
28  0531827
29  0655585
30  1740248
31  0304065
32  0537721
33  1954519
34  0000444
35  1868654
36  0549538
37  0785227
38  1807350
39  1566486
40  3142219
41  1192060
42  2319146
43  0001704
44  0346411
45  0001760
46  1736667
47  2859825
48  5583008
49  0779866
50  1968140
51  0821739
52  0363351
53  2997484
54  3307728
55  0001759
56  2864505
57  0403652
58  5052211
59  0678656
60  0726939
61  1111921
62  1382799
63  1851126
64  0498572
65  0001139
66  1280183
67  0527945
68  1146243
69  2171153
70  1288173
71  1114898
72  2773557
73  1013338
74  0707476
75  0701512
76  3244135
77  3121911
78  0249981
79  1955294
80  0614141
81  0001356
82  3227662
83  2333849
84  1736660
85  0779292
86  2015599
87  0281956
88  4858020
89  0641944
90  2336967
91  2794962
92  3208215
93  1209950
94  0864997
95  2833699
96  1844052
97  0657076
98  2425105
99  1248393
100  2513388
101  2773352
102  0746414
103  2086223
104  1091701
105  1334396
106  3387844
107  1168724
108  2045487
109  0000622
110  3371502
111  0401132
112  2710034
113  2803896
114  1439230
115  0001367
116  1843026
117  0002119
118  0694619
119  2731980
120  0715327
121  0682170
122  0000284
123  0468957
124  0008826
125  0001155
126  1851313
127  0390903
128  1463426
129  1370821
130  4855952
131  0936298
132  2554047
133  0836176
134  0316795
135  1498025
136  1731421
137  4421617
138  0774386
139  0860791
140  4156656
141  0310430
142  2859074
143  2089891
144  1769908
145  2500339
146  1299293
147  0571964
148  0319171
149  1218487
150  2792296
151  0839934
152  0778543
153  0005537
154  1782153
155  0001767
156  1685658
157  0005165
158  2522291
159  0786639
160  0006575
161  0827663
162  1101910
163  1249883
164  0623309
165  1169490
166  1980968
167  2288842
168  0000225
169  0748189
170  2648030
171  1812846
172  3978373
173  0586568
174  2394154
175  0122407
176  0004849
177  0504762
178  0619406
179  0225269
180  0085400
181  3056569
182  1033193
183  0331516
184  2740316
185  1524098
186  0878768
187  3196637
188  0950620
189  0662160
190  1126156
191  1682420
192  0584206
193  0878756
194  0498517
195  0116232
196  3143135
197  0262968
198  0000487
199  3637250
200  3688576
201  0321325
202  2778747
203  2267814
204  0378112
205  0002127
206  0143261
207  1080620
208  1700905
209  0005350
210  0803896
211  1569067
212  3685063
213  0418683
214  1380606
215  0723415
216  0656739
217  0659544
218  1435062
219  5934349
220  0000270
221  0015935
222  1368825
223  2397348
224  3720130
225  1628079
226  1986867
227  2358540
228  2396859
229  3867285
230  0853375
231  1566429
232  3635793
233  0107714
234  1209966
235  2244205
236  0005508
237  2342614
238  0743796
239  0400441
240  1246238
241  0001562
242  0005191
243  0241121
244  1446934
245  0092677
246  2775830
247  0000613
248  2608518
249  0001152
250  0708293
251  0007063
252  1443641
253  0400816
254  4483476
255  0061223
256  1635108
257  1109740
258  0001598
259  1100839
260  0176175
261  3918035
262  1621705
263  1980107
264  1905783
265  3208214
266  1449512
267  0006784
268  0001993
269  1504650
270  0001538
271  1743205
272  2943468
273  4089170
274  3902369
275  1083404
276  0413263
277  0316933
278  0000670
279  0022323
280  2584600
281  0005359
282  0664238
283  1500658
284  0203508
285  1018581
286  1101381
287  0878597
288  3324753
289  0279727
290  0227759
291  1866361
292  0001565
293  2602672
294  0174021
295  1301070
296  0004825
297  0248469
298  0507381
299  1912766
300  2976716
301  5666714
302  0498713
303  0434673
304  1861526
305  0949350
306  1154719
307  2953664
308  3556021
309  1967109
310  4553772
311  0680645
312  0832380
313  0015196
314  2321925
315  1549838
316  0164841
317  1170124
318  2244430
319  1682276
320  0064769
321  0006121
322  3006818
323  0476201
324  0204322
325  1099760
326  0001758
327  3160546
328  4746337
329  0878152
330  1148573
331  1014726
332  4722219
333  0001756
334  0068166
335  0005366
336  0883195
337  2368981
338  3355558
339  1320997
340  0564680
341  3009232
342  3095739
343  2633535
344  1875749
345  0241173
346  1150775
347  2381885
348  0930397
349  0000486
350  3138464
351  3918236
352  1514499
353  0222426
354  2999543
355  0762424
356  0258402
357  1375330
358  0933988
359  0567653
360  0836343
361  0028220
362  0141599
363  0662391
364  0902807
365  0175305
366  0090545
367  0831557
368  0931046
369  0084370
370  1186061
371  1525948
372  2780568
373  0437654
374  0541909
375  0566944
376  3028129
377  0486627
378  1057047
379  0197647
380  2397349
381  0674231
382  0700664
383  0191747
384  2535228
385  2711342
386  0712908
387  2909824
388  0328806
389  0040591
390  3897694
391  4536310
392  0212278
393  0004822
394  0807831
395  1801266
396  0492220
397  0791642
398  3470692
399  0000410
400  0167859
401  2110190
402  2023000
403  2980899
404  0001332
405  0484178
406  0069079
407  0308606
408  1457472
409  1538095
410  0914134
411  0454752
412  1125745
413  0000678
414  3092388
415  3180390
416  2701112
417  0839933
418  1318596
419  0005392
420  2099806
421  2090377
422  5092806
423  0573862
424  0873942
425  1240556
426  0006142
427  0519043
428  0267623
429  0001795
430  0397121
431  0000625
432  0005335
433  2007000
434  1384807
435  3469515
436  0836548
437  0000884
438  0006713
439  0926697
440  2738234
441  1577190
442  1011209
443  0387521
444  4422265
445  0690642
446  2405364
447  2252934
448  1417905
449  2948685
450  1862751
451  2960015
452  3222942
453  0446298
454  1921971
455  0004081
456  0506699
457  2683207
458  0249525
459  1155450
460  2557831
461  0108132
462  0384152
463  1322469
464  0864308
465  0001554
466  1235550
467  2774571
468  0810083
469  0160840
470  1909374
471  0325715
472  2340323
473  3504430
474  0726167
475  1982266
476  0778741
477  0843182
478  0746273
479  1801063
480  0130536
481  2323285
482  0480381
483  3492983
484  0298281
485  0675114
486  0112001
487  1343638
488  0951133
489  3303310
490  0002325
491  0584297
492  0364117
493  2117181
494  0003633
495  4739096
496  2573263
497  3070255
498  2924997
499  0925220
500  0559994
501  2200349
502  0622817
503  1616349
504  0195982
505  0591373
506  3732895
507  0226813
508  0000212
509  0820048
510  0169753
511  2410811
512  0201857
513  0148448
514  4000704
515  0210925
516  0142746
517  0642560
518  2461627
519  1034386
520  0712550
521  1484214
522  1497668
523  0851621
524  0271915
525  0236043
526  1640351
527  3193774
528  1739873
529  0576987
530  0235006
531  2783114
532  0785842
533  0936493
534  2186304
535  0000214
536  1961693
537  1412086
538  1888211
539  0891863
540  1832840
541  0810620
542  0001131
543  2125623
544  0852466
545  0853140
546  0565336
547  2444306
548  0601003
549  0553468
550  2368789
551  2444133
552  1237494
553  3700767
554  0387581
555  0160045
556  0814085
557  2753160
558  0408081
559  1020124
560  0896680
561  0024622
562  0840133
563  0264269
564  3615106
565  0524331
566  0105876
567  4271632
568  5831542
569  0000480
570  1669273
571  2749602
572  0541908
573  0922035
574  0791226
575  1121943
576  2106693
577  0031162
578  0441085
579  0071847
580  1477020
581  1923487
582  3333183
583  6230258
584  0085438
585  1641089
586  0430829
587  2027650
588  2930503
589  0001108
590  0001590
591  0411569
592  0005501
593  0498782
594  1470268
595  3349100
596  2615297
597  2356416
598  0405103
599  0822571
600  0130191
601  0495201
602  0001599
603  3363696
604  0510168
605  0688624
606  2449480
607  4114445
608  1131540
609  0551764
610  0946148
611  1146844
612  2513386
613  0541561
614  0654468
615  0001564
616  2259929
617  3860454
618  0005139
619  0364977
620  2459822
621  0115010
622  1962017
623  1183986
624  2259318
625  0869088
626  1468403
627  0810619
628  0001334
629  2796058
630  1143151
631  0847727
632  0143295
633  0807698
634  0438882
635  2895066
636  0001951
637  3632976
638  2443745
639  0000679
640  2040932
641  0085257
642  0625699
643  3733589
644  2118133
645  0337020
646  0342241
647  1221906
648  2226472
649  0886083
650  0258200
651  4866928
652  2832584
653  0887355
654  0020248
655  0086883
656  0152970
657  2348115
658  0005136
659  0000815
660  0437032
661  0491402
662  0100792
663  2213333
664  2298425
665  2336905
666  0001793
667  1685408
668  1092540
669  0005130
670  0760989
671  0408284
672  0000473
673  3052331
674  1367450
675  3653572
676  2554082
677  0356021
678  1183149
679  0444999
680  0019133
681  1725848
682  0005303
683  1564771
684  0381043
685  0671980
686  4976467
687  0356017
688  1729423
689  0001393
690  0928795
691  0540441
692  2172589
693  0645781
694  0551397
695  2048753
696  5197836
697  0519871
698  1659221
699  0612621
700  0636280
701  0666398
702  0303010
703  1415692
704  2038226
705  4305463
706  1168174
707  0893965
708  1416215
709  0936690
710  0530308
711  0013065
712  4968394
713  0004840
714  2303011
715  0724460
716  2834049
717  0298221
718  0730662
719  0189524
720  3794498
721  0002913
722  0411964
723  0001199
724  2850355
725  3187320
726  1680142
727  5103952
728  0125475
729  0465643
730  0935047
731  0832326
732  1679478
733  0655124
734  3568326
735  0381416
736  1175262
737  0881631
738  0005138
739  5768706
740  0004623
741  0001305
742  0263625
743  4831424
744  0054950
745  4566652
746  1515741
747  0458951
748  0547800
749  2068559
750  0322164
751  0971133
752  1753038
753  0934362
754  3408718
755  4423549
756  2448361
757  0756022
758  0536461
759  2290876
760  0302108
761  0121026
762  0950220
763  3136962
764  1566474
765  0672103
766  3103226
767  1879386
768  1794268
769  0000481
770  0000614
771  3830119
772  0001101
773  0410413
774  0588096
775  1311821
776  2176129
777  0001794
778  0441287
779  0005552
780  1342513
781  3428515
782  3046990
783  1343864
784  0929840
785  2995525
786  0472891
787  0944688
788  0171162
789  0242756
790  0406975
791  4992243
792  1343003
793  0000426
794  1495350
795  0146915
796  0371660
797  0316531
798  1014989
799  0665114
800  0788335
801  2318855
802  0089456
803  3083664
804  0329773
805  0222883
806  2016723
807  2800483
808  2700631
809  1145057
810  0504962
811  1650932
812  4823546
813  0578080
814  0840391
815  2269943
816  3480246
817  0738452
818  0810218
819  0362473
820  0241983
821  0333410
822  3602977
823  1001663
824  2814621
825  0666739
826  1324105
827  0059228
828  2583626
829  3732465
830  1132594
831  2210947
832  3529987
833  3545234
834  0850102
835  2045884
836  5101061
837  0004814
838  2604149
839  2246968
840  0260632
841  0644897
842  0634176
843  1587188
844  1064600
845  0092026
846  0578615
847  1507417
848  0002117
849  1533685
850  1161069
851  0641972
852  0052037
853  2500963
854  3687902
855  2382037
856  0558487
857  0178886
858  0277213
859  0922263
860  0252961
861  2062857
862  1492784
863  6039617
864  2112851
865  2019352
866  1787884
867  0186761
868  0001507
869  0085860
870  3028348
871  1605108
872  0940422
873  0001302
874  2056203
875  0001735
876  2492819
877  0628542
878  0005101
879  0000646
880  0001732
881  4103692
882  0000442
883  3995646
884  0508356
885  0506405
886  1698522
887  0327072
888  1773454
889  2161732
890  0571160
891  1537825
892  0000045
893  3181675
894  0005302
895  0085407
896  0453115
897  2022518
898  2405736
899  0005109
900  0559993
